300	3.121690989	0.383505046
301	3.116313219	0.370987862
302	3.110781431	0.358682662
303	3.105059385	0.346584201
304	3.099262714	0.334680647
305	3.093313932	0.322981805
306	3.087233782	0.311486274
307	3.081036568	0.300193638
308	3.074694872	0.289107561
309	3.0683074	0.278219104
310	3.061705828	0.267575324
311	3.055026531	0.257140696
312	3.048211098	0.2469161
313	3.041320562	0.236897379
314	3.034364223	0.227083102
315	3.027278662	0.217478514
316	3.020136118	0.208110899
317	3.012853384	0.19897455
318	3.005557299	0.190042675
319	2.998201132	0.18131797
320	2.990724325	0.17280291
321	2.98311758	0.16452232
322	2.975412607	0.156491861
323	2.967721939	0.148665071
324	2.960002661	0.141043022
325	2.952210426	0.133626133
326	2.944404125	0.126469821
327	2.936519384	0.119542614
328	2.928634405	0.112817369
329	2.920757055	0.106292203
330	2.912801743	0.100014493
331	2.904850721	0.093984947
332	2.896874189	0.088155113
333	2.88888073	0.082521752
334	2.880940199	0.07714162
335	2.872964382	0.072004549
336	2.865011215	0.067059852
337	2.857097626	0.062304083
338	2.849160671	0.057841841
339	2.841302395	0.053579688
340	2.833492517	0.049501203
341	2.825688601	0.045654617
342	2.817950964	0.042063642
343	2.81025219	0.038648486
344	2.80258584	0.035415351
345	2.795080662	0.032472782
346	2.787631273	0.029693222
347	2.780238628	0.027072379
348	2.773015499	0.024722496
349	2.76587081	0.022528432
350	2.758808374	0.020471513
351	2.751963377	0.018643036
352	2.745212555	0.01694859
353	2.738548517	0.015364216
354	2.732092381	0.01397176
355	2.725732565	0.012679771
356	2.71945715	0.011473156
357	2.713439226	0.010429893
358	2.707504988	0.009451629
359	2.701669693	0.008553891
360	2.696038961	0.007767093
361	2.690494061	0.007028996
362	2.685064793	0.006368941
363	2.679813385	0.005776006
364	2.674659967	0.005219775
365	2.66963768	0.004739085
366	2.664704561	0.004291987
367	2.659870863	0.003883457
368	2.655147314	0.003525659
369	2.650494814	0.003188026
370	2.646023512	0.002893966
371	2.641619205	0.002622773
372	2.637281656	0.002374201
373	2.633089304	0.002157029
374	2.62895155	0.001950999
375	2.624907255	0.001773737
376	2.620943546	0.001607871
377	2.617091179	0.001458623
378	2.613303661	0.001325281
379	2.609555006	0.001199809
380	2.605934143	0.001092717
381	2.602346897	0.000990028
382	2.598827362	0.000901416
383	2.595373631	0.000818356
384	2.592017174	0.000744074
385	2.588707209	0.000676875
386	2.585433483	0.000614694
387	2.582256556	0.000560295
388	2.579116583	0.000508275
389	2.576035023	0.000464209
390	2.572979689	0.000421397
391	2.570043325	0.000384982
392	2.567127943	0.000350011
393	2.564255476	0.000319627
394	2.561419487	0.00029102
395	2.558642387	0.000265681
396	2.555891752	0.000242234
397	2.553171158	0.000221121
398	2.550515413	0.000201858
399	2.547918797	0.000184272
400	2.545350075	0.000168409
401	2.542804003	0.000153775
402	2.540317059	0.000140676
403	2.537868977	0.000128502
404	2.535447359	0.000117656
405	2.533044338	0.000107536
406	2.530707598	0.0000985
407	2.528410435	0.0000901
408	2.526134968	0.0000826
409	2.523875713	0.0000756
410	2.521662474	0.0000694
411	2.519482374	0.0000636
412	2.517319918	0.0000583
413	2.515173912	0.0000535
414	2.513072252	0.0000491
415	2.511019945	0.0000451
416	2.508981705	0.0000413
417	2.50696063	0.000038
418	2.504962921	0.0000349
419	2.503017902	0.0000321
420	2.501081944	0.0000294
421	2.499165058	0.0000272
422	2.497255802	0.0000249
423	2.495424986	0.000023
424	2.493606091	0.0000211
425	2.491801262	0.0000195
426	2.49000597	0.000018
427	2.488230705	0.0000165
428	2.486473083	0.0000153
429	2.48472476	0.0000141
430	2.482988358	0.000013
431	2.481262207	0.0000119
432	2.479607821	0.0000111
433	2.477959871	0.0000102
434	2.476323605	0.00000943
435	2.474695206	0.00000871
436	2.473095417	0.00000805
437	2.471526861	0.00000745
438	2.469965458	0.00000687
439	2.468414545	0.00000637
440	2.466869593	0.00000588
441	2.465374708	0.00000546
442	2.463897467	0.00000505
443	2.462427378	0.00000467
444	2.460964441	0.00000434
445	2.459506989	0.000004
446	2.458091974	0.00000373
447	2.456682682	0.00000345
448	2.455279589	0.0000032
449	2.453882456	0.00000297
450	2.45249629	0.00000275
451	2.451160669	0.00000256
452	2.449830294	0.00000238
453	2.448505878	0.00000221
454	2.447187185	0.00000205
455	2.445878029	0.0000019
456	2.444607019	0.00000178
457	2.443341017	0.00000165
458	2.442080259	0.00000153
459	2.440824747	0.00000143
460	2.439574003	0.00000133
461	2.43837595	0.00000124
462	2.437182665	0.00000115
463	2.435993433	0.00000107
464	2.434808731	0.000001
465	2.433628321	0.000000931
466	2.432469368	0.00000087
467	2.431319952	0.000000812
468	2.430174828	0.000000755
469	2.429032803	0.000000707
470	2.427895308	0.000000659
471	2.426780701	0.000000615
472	2.425695896	0.000000575
473	2.424614906	0.000000536
474	2.423537254	0.000000502
475	2.42246294	0.000000469
476	2.421392918	0.000000437
477	2.420356274	0.00000041
478	2.419324875	0.000000384
479	2.418297052	0.000000358
480	2.417271614	0.000000336
481	2.41624999	0.000000314
482	2.415245771	0.000000294
483	2.414270401	0.000000276
484	2.413298607	0.000000258
485	2.41232872	0.000000242
486	2.411360741	0.000000227
487	2.410396576	0.000000212
488	2.409450769	0.000000199
489	2.408517599	0.000000187
490	2.407588005	0.000000175
491	2.406658888	0.000000164
492	2.405732393	0.000000155
493	2.404809237	0.000000145
494	2.403916121	0.000000136
495	2.403035402	0.000000128
496	2.402157784	0.00000012
497	2.401281118	0.000000113
498	2.400406837	0.000000106
499	2.399535894	9.96E-08
500	2.398686886	9.38E-08
501	2.397848129	8.83E-08
502	2.397012234	8.29E-08
503	2.396177053	7.81E-08
504	2.395344019	7.36E-08
505	2.394513607	6.91E-08
506	2.393707037	6.51E-08
507	2.392918587	6.14E-08
508	2.392132998	5.78E-08
509	2.391348362	5.44E-08
510	2.390564203	5.14E-08
511	2.389782667	4.84E-08
512	2.389006376	4.55E-08
513	2.388240337	4.31E-08
514	2.387476683	4.06E-08
515	2.386715651	3.82E-08
516	2.385953188	3.62E-08
517	2.385193348	3.42E-08
518	2.384436369	3.21E-08
519	2.383707523	3.04E-08
520	2.382988691	2.88E-08
521	2.38227272	2.71E-08
522	2.381556988	2.56E-08
523	2.38084197	2.43E-08
524	2.380129337	2.29E-08
525	2.379421949	2.16E-08
526	2.378736019	2.05E-08
527	2.378052473	1.94E-08
528	2.377371073	1.83E-08
529	2.376689196	1.73E-08
530	2.376008511	1.64E-08
531	2.375330448	1.55E-08
532	2.374663115	1.47E-08
533	2.374017715	1.39E-08
534	2.373374462	1.32E-08
535	2.372733355	1.25E-08
536	2.372090101	1.18E-08
537	2.371448278	1.12E-08
538	2.370808601	1.06E-08
539	2.370176315	1.01E-08
540	2.369557619	9.57E-09
541	2.368941069	9.08E-09
542	2.368326664	8.58E-09
543	2.367710114	8.16E-09
544	2.367094755	7.75E-09
545	2.366481304	7.35E-09
546	2.365873337	6.96E-09
547	2.365289927	6.63E-09
548	2.364708424	6.3E-09
549	2.364128828	5.97E-09
550	2.363549232	5.67E-09
551	2.36296916	5.4E-09
552	2.362390995	5.13E-09
553	2.361814737	4.86E-09
554	2.361253977	4.63E-09
555	2.360699654	4.41E-09
556	2.360146999	4.19E-09
557	2.359596491	3.97E-09
558	2.359043121	3.79E-09
559	2.358491421	3.61E-09
560	2.357941866	3.43E-09
561	2.357398272	3.26E-09
562	2.356877089	3.11E-09
563	2.356357813	2.96E-09
564	2.355840206	2.82E-09
565	2.355322599	2.68E-09
566	2.354803562	2.56E-09
567	2.354285955	2.44E-09
568	2.353770018	2.32E-09
569	2.353259563	2.21E-09
570	2.352756262	2.11E-09
571	2.352254629	2.01E-09
572	2.351754665	1.91E-09
573	2.351254225	1.82E-09
574	2.350752592	1.74E-09
575	2.350252628	1.66E-09
576	2.349754095	1.58E-09
577	2.349266291	1.51E-09
578	2.348794222	1.45E-09
579	2.348323584	1.38E-09
580	2.347854614	1.32E-09
581	2.347385883	1.25E-09
582	2.346915007	1.2E-09
583	2.346445799	1.15E-09
584	2.34597826	1.1E-09
585	2.345514297	1.04E-09
586	2.345064878	0.000000001
587	2.34461689	9.57E-10
588	2.34417057	9.14E-10
589	2.343725443	8.71E-10
590	2.343277454	8.35E-10
591	2.34283042	7.99E-10
592	2.342384815	7.64E-10
593	2.341940641	7.29E-10
594	2.341511488	6.98E-10
595	2.341090679	6.69E-10
596	2.340671062	6.41E-10
597	2.340252876	6.12E-10
598	2.339833975	5.85E-10
599	2.339413166	5.61E-10
600	2.338993549	5.38E-10
601	2.338575125	5.15E-10
602	2.338158131	4.91E-10
603	2.337753534	4.72E-10
604	2.337350607	4.53E-10
605	2.33694911	4.34E-10
606	2.336548805	4.15E-10
607	2.336147308	3.97E-10
608	2.335744143	3.82E-10
609	2.335342407	3.66E-10
610	2.334941626	3.51E-10
611	2.334542274	3.35E-10
612	2.334162474	3.22E-10
613	2.33378458	3.1E-10
614	2.333407879	2.97E-10
615	2.333032131	2.84E-10
616	2.332656145	2.73E-10
617	2.332278252	2.62E-10
618	2.331901312	2.52E-10
619	2.331525803	2.42E-10
620	2.331151247	2.31E-10
621	2.33078742	2.22E-10
622	2.330428362	2.14E-10
623	2.330070734	2.06E-10
624	2.32971406	1.97E-10
625	2.329358578	1.89E-10
626	2.328999519	1.82E-10
627	2.328641415	1.75E-10
628	2.328284502	1.68E-10
629	2.327928543	1.62E-10
630	2.327576876	1.55E-10
631	2.327244043	1.49E-10
632	2.326912165	1.44E-10
633	2.326581001	1.38E-10
634	2.32625103	1.33E-10
635	2.32592082	1.27E-10
636	2.325587749	1.23E-10
637	2.325255871	1.18E-10
638	2.324924707	1.14E-10
639	2.324594736	1.09E-10
640	2.324265718	1.05E-10
641	2.323937178	1.01E-10
642	2.323609829	9.77E-11
643	2.323283195	9.4E-11
644	2.322957754	9.04E-11
645	2.322631598	8.69E-11
646	2.32230258	8.39E-11
647	2.321974516	8.09E-11
648	2.321647167	7.79E-11
649	2.321321011	7.49E-11
650	2.320998907	7.21E-11
651	2.320693731	6.96E-11
652	2.320389748	6.72E-11
653	2.320086241	6.47E-11
654	2.319783926	6.23E-11
655	2.319482565	5.99E-11
656	2.319177628	5.79E-11
657	2.318873405	5.59E-11
658	2.318570137	5.39E-11
659	2.318267584	5.2E-11
660	2.317965984	5E-11
661	2.317672968	4.83E-11
662	2.317384481	4.67E-11
663	2.31709671	4.51E-11
664	2.316809893	4.35E-11
665	2.31652379	4.19E-11
666	2.316237211	4.03E-11
667	2.315948486	3.9E-11
668	2.315660477	3.77E-11
669	2.315373421	3.64E-11
670	2.31508708	3.51E-11
671	2.314801693	3.38E-11
672	2.314529657	3.27E-11
673	2.314260721	3.17E-11
674	2.3139925	3.06E-11
675	2.313725233	2.95E-11
676	2.313458443	2.85E-11
677	2.313191175	2.75E-11
678	2.312921286	2.66E-11
679	2.312652111	2.58E-11
680	2.312383652	2.49E-11
681	2.312115908	2.41E-11
682	2.311849117	2.32E-11
683	2.311588287	2.24E-11
684	2.311331034	2.17E-11
685	2.311074734	2.1E-11
686	2.310818911	2.03E-11
687	2.310563803	1.96E-11
688	2.31030941	1.9E-11
689	2.310051441	1.84E-11
690	2.309793711	1.78E-11
691	2.309536934	1.72E-11
692	2.309280634	1.67E-11
693	2.309025049	1.61E-11
694	2.30877161	1.56E-11
695	2.308531284	1.51E-11
696	2.308291435	1.46E-11
697	2.30805254	1.42E-11
698	2.307813883	1.37E-11
699	2.30757618	1.32E-11
700	2.307338238	1.28E-11
701	2.307097673	1.24E-11
702	2.306857824	1.21E-11
703	2.306618452	1.17E-11
704	2.306380033	1.13E-11
705	2.306141853	1.09E-11
706	2.305905819	1.06E-11
707	2.305678368	1.03E-11
708	2.305451393	9.97E-12
709	2.305225134	9.66E-12
710	2.304999352	9.36E-12
711	2.304774284	9.06E-12
712	2.304549694	8.76E-12
713	2.304321766	8.51E-12
714	2.304094553	8.27E-12
715	2.303867817	8.02E-12
716	2.303641796	7.77E-12
717	2.303416252	7.53E-12
718	2.303191423	7.29E-12
719	2.302977085	7.07E-12
720	2.302766562	6.87E-12
721	2.302556753	6.67E-12
722	2.302347422	6.48E-12
723	2.302138567	6.28E-12
724	2.301930428	6.08E-12
725	2.301721096	5.89E-12
726	2.301509619	5.73E-12
727	2.301299095	5.57E-12
728	2.30108881	5.41E-12
729	2.30087924	5.25E-12
730	2.300670147	5.09E-12
731	2.300461769	4.93E-12
732	2.300257683	4.79E-12
733	2.300054312	4.66E-12
734	2.299851656	4.53E-12
735	2.299649239	4.4E-12
736	2.299447536	4.27E-12
737	2.299246311	4.14E-12
738	2.299044371	4.02E-12
739	2.298840046	3.91E-12
740	2.298636675	3.8E-12
741	2.298433542	3.7E-12
742	2.298230886	3.59E-12
743	2.298028946	3.49E-12
744	2.297827482	3.38E-12
745	2.297634363	3.29E-12
746	2.297446012	3.2E-12
747	2.297258139	3.11E-12
748	2.297070742	3.03E-12
749	2.296883821	2.94E-12
750	2.296697378	2.86E-12
751	2.29651165	2.77E-12
752	2.296323061	2.7E-12
753	2.296134472	2.63E-12
754	2.295946121	2.56E-12
755	2.295758247	2.49E-12
756	2.295571089	2.42E-12
757	2.295384407	2.35E-12
758	2.295197964	2.28E-12
759	2.295018673	2.22E-12
760	2.294840813	2.17E-12
761	2.294663668	2.11E-12
762	2.294486761	2.05E-12
763	2.294310331	2E-12
764	2.294134378	1.94E-12
765	2.293958902	1.89E-12
766	2.293781042	1.84E-12
767	2.293602705	1.79E-12
768	2.293424845	1.75E-12
769	2.2932477	1.7E-12
770	2.293070793	1.66E-12
771	2.292894363	1.61E-12
772	2.292718172	1.56E-12
773	2.292548418	1.52E-12
774	2.292383909	1.49E-12
775	2.292219639	1.45E-12
776	2.292055845	1.41E-12
777	2.291892529	1.38E-12
778	2.29172945	1.34E-12
779	2.291566849	1.3E-12
780	2.29140377	1.27E-12
781	2.291238308	1.24E-12
782	2.291073084	1.21E-12
783	2.290908098	1.18E-12
784	2.290743828	1.15E-12
785	2.290579796	1.12E-12
786	2.290416241	1.09E-12
787	2.290252924	1.06E-12
788	2.290093899	1.03E-12
789	2.289937019	1.01E-12
790	2.289780617	9.84E-13
791	2.289624453	9.6E-13
792	2.289468765	9.36E-13
793	2.289313555	9.12E-13
794	2.289158583	8.88E-13
795	2.289003849	8.64E-13
796	2.288846016	8.44E-13
797	2.288688421	8.25E-13
798	2.288531303	8.05E-13
799	2.288374662	7.86E-13
800	2.28821826	7.66E-13
801	2.288062096	7.47E-13
802	2.287906408	7.27E-13
803	2.28775382	7.09E-13
804	2.287608385	6.93E-13
805	2.287463665	6.77E-13
806	2.287318945	6.61E-13
807	2.28717494	6.45E-13
808	2.287030935	6.3E-13
809	2.286887407	6.14E-13
810	2.286744356	5.98E-13
811	2.28660059	5.83E-13
812	2.286454678	5.71E-13
813	2.286309242	5.58E-13
814	2.286164045	5.45E-13
815	2.286019325	5.32E-13
816	2.285874844	5.2E-13
817	2.285730839	5.07E-13
818	2.285587072	4.94E-13
819	2.285444975	4.82E-13
820	2.285308361	4.72E-13
821	2.285172224	4.61E-13
822	2.285036087	4.51E-13
823	2.284900427	4.41E-13
824	2.284765244	4.3E-13
825	2.28463006	4.2E-13
826	2.284495592	4.1E-13
827	2.284361124	4E-13
828	2.284224033	3.91E-13
829	2.284087181	3.83E-13
830	2.283950567	3.74E-13
831	2.283814192	3.66E-13
832	2.283678055	3.58E-13
833	2.283542395	3.49E-13
834	2.283406973	3.41E-13
835	2.283272028	3.33E-13
836	2.28314209	3.25E-13
837	2.283017397	3.19E-13
838	2.282893181	3.12E-13
839	2.282768965	3.05E-13
840	2.282645226	2.98E-13
841	2.282521725	2.92E-13
842	2.282398462	2.85E-13
843	2.282275438	2.78E-13
844	2.28215313	2.72E-13
845	2.282027721	2.66E-13
846	2.281902313	2.6E-13
847	2.281777143	2.55E-13
848	2.281652451	2.5E-13
849	2.281527758	2.44E-13
850	2.281403542	2.39E-13
851	2.281279564	2.33E-13
852	2.281155825	2.28E-13
853	2.281032562	2.23E-13
854	2.28091073	2.18E-13
855	2.280789137	2.14E-13
856	2.280667782	2.09E-13
857	2.280546904	2.05E-13
858	2.280426025	2.01E-13
859	2.280305624	1.96E-13
860	2.280185461	1.92E-13
861	2.280065536	1.88E-13
862	2.279945612	1.83E-13
863	2.279823065	1.8E-13
864	2.279700518	1.76E-13
865	2.279578686	1.73E-13
866	2.279456854	1.69E-13
867	2.27933526	1.66E-13
868	2.279214144	1.62E-13
869	2.279093266	1.59E-13
870	2.278972626	1.55E-13
871	2.278852224	1.52E-13
872	2.278740644	1.49E-13
873	2.278629541	1.46E-13
874	2.278518915	1.43E-13
875	2.278408527	1.4E-13
876	2.27829814	1.37E-13
877	2.278188229	1.34E-13
878	2.278078556	1.32E-13
879	2.277968884	1.29E-13
880	2.277859926	1.26E-13
881	2.2777493	1.23E-13
882	2.277637482	1.21E-13
883	2.27752614	1.19E-13
884	2.277415037	1.16E-13
885	2.277303934	1.14E-13
886	2.277193308	1.12E-13
887	2.27708292	1.09E-13
888	2.276972771	1.07E-13
889	2.27686286	1.05E-13
890	2.276752949	1.03E-13
891	2.276648998	1.01E-13
892	2.276544809	9.89E-14
893	2.276441336	9.7E-14
894	2.276337862	9.52E-14
895	2.276234388	9.33E-14
896	2.27613163	9.15E-14
897	2.276028633	8.96E-14
898	2.275926113	8.78E-14
899	2.275823832	8.6E-14
900	2.275721073	8.42E-14
901	2.275616407	8.27E-14
902	2.275511742	8.12E-14
903	2.275407553	7.97E-14
904	2.275303364	7.82E-14
905	2.275199652	7.67E-14
906	2.275096178	7.52E-14
907	2.274992704	7.37E-14
908	2.274889708	7.22E-14
909	2.274786711	7.08E-14
910	2.274685621	6.93E-14
911	2.274590492	6.81E-14
912	2.274495363	6.69E-14
913	2.274400473	6.57E-14
914	2.274306059	6.45E-14
915	2.274211645	6.33E-14
916	2.27411747	6.21E-14
917	2.274023294	6.09E-14
918	2.273929596	5.97E-14
919	2.273835897	5.85E-14
920	2.273742676	5.73E-14
921	2.273646593	5.63E-14
922	2.27355051	5.54E-14
923	2.273454905	5.44E-14
924	2.273359299	5.34E-14
925	2.273263931	5.24E-14
926	2.273168802	5.15E-14
927	2.273073912	5.05E-14
928	2.272979259	4.96E-14
929	2.272884607	4.86E-14
930	2.272790432	4.76E-14
931	2.272698164	4.68E-14
932	2.272608042	4.6E-14
933	2.27251792	4.52E-14
934	2.272428274	4.44E-14
935	2.272338629	4.36E-14
936	2.272249222	4.28E-14
937	2.272159815	4.21E-14
938	2.272070885	4.13E-14
939	2.271981955	4.05E-14
940	2.271893263	3.97E-14
941	2.27180481	3.9E-14
942	2.271713972	3.83E-14
943	2.271623135	3.77E-14
944	2.271532297	3.71E-14
945	2.271441698	3.64E-14
946	2.271351337	3.58E-14
947	2.271261215	3.52E-14
948	2.271171093	3.45E-14
949	2.271081448	3.39E-14
950	2.270991802	3.33E-14
951	2.270902395	3.27E-14
952	2.270812988	3.2E-14
953	2.27072978	3.15E-14
954	2.270647526	3.1E-14
955	2.270565271	3.05E-14
956	2.270483255	3E-14
957	2.270401478	2.95E-14
958	2.2703197	2.9E-14
959	2.270238161	2.85E-14
960	2.27015686	2.8E-14
961	2.27007556	2.75E-14
962	2.269994497	2.7E-14
963	2.269913673	2.65E-14
964	2.269831181	2.6E-14
965	2.269748211	2.56E-14
966	2.26966548	2.52E-14
967	2.269582748	2.48E-14
968	2.269500256	2.44E-14
969	2.269417763	2.4E-14
970	2.269335747	2.36E-14
971	2.269253492	2.32E-14
972	2.269171715	2.28E-14
973	2.269090176	2.24E-14
974	2.269008636	2.2E-14
975	2.268928289	2.16E-14
976	2.26885128	2.13E-14
977	2.268774509	2.09E-14
978	2.268697739	2.06E-14
979	2.268621206	2.03E-14
980	2.268544912	2E-14
981	2.268468857	1.96E-14
982	2.268392801	1.93E-14
983	2.268316746	1.9E-14
984	2.268241167	1.87E-14
985	2.268165588	1.83E-14
986	2.26809001	1.8E-14
987	2.268013716	1.77E-14
988	2.267935991	1.74E-14
989	2.267858744	1.72E-14
990	2.267781496	1.69E-14
991	2.267704487	1.67E-14
992	2.267627716	1.64E-14
993	2.267550945	1.61E-14
994	2.267474174	1.59E-14
995	2.267397881	1.56E-14
996	2.267321587	1.53E-14
997	2.267245531	1.51E-14
998	2.267169476	1.48E-14
999	2.267096519	1.46E-14
1000	2.267026901	1.44E-14
1001	2.266957521	1.42E-14
1002	2.26688838	1.39E-14
1003	2.266819239	1.37E-14
1004	2.266750336	1.35E-14
1005	2.266681671	1.33E-14
1006	2.266613007	1.31E-14
1007	2.266544342	1.29E-14
1008	2.266475916	1.27E-14
1009	2.266407728	1.25E-14
1010	2.26633954	1.23E-14
1011	2.266271353	1.21E-14
1012	2.266201019	1.19E-14
1013	2.266130924	1.17E-14
1014	2.266061068	1.16E-14
1015	2.265991211	1.14E-14
1016	2.265921593	1.12E-14
1017	2.265851974	1.1E-14
1018	2.265782595	1.09E-14
1019	2.265713215	1.07E-14
1020	2.265644073	1.05E-14
1021	2.265574932	1.04E-14
1022	2.265506268	1.02E-14
1023	2.265437365	1E-14
1024	2.265369654	9.88E-15
1025	2.265302896	9.74E-15
1026	2.265236139	9.6E-15
1027	2.265169621	9.47E-15
1028	2.26510334	9.33E-15
1029	2.26503706	9.19E-15
1030	2.264970779	9.06E-15
1031	2.264904737	8.92E-15
1032	2.264838934	8.79E-15
1033	2.26477313	8.65E-15
1034	2.264707565	8.52E-15
1035	2.264642	8.38E-15
1036	2.264576435	8.25E-15
1037	2.264510155	8.12E-15
1038	2.264442682	8.01E-15
1039	2.26437521	7.9E-15
1040	2.264308214	7.79E-15
1041	2.264241219	7.69E-15
1042	2.264174223	7.58E-15
1043	2.264107466	7.47E-15
1044	2.264040947	7.36E-15
1045	2.263974428	7.25E-15
1046	2.263907909	7.14E-15
1047	2.263841629	7.03E-15
1048	2.263775587	6.92E-15
1049	2.263709545	6.82E-15
1050	2.263644934	6.71E-15
1051	2.263584852	6.62E-15
1052	2.263524771	6.54E-15
1053	2.263464689	6.45E-15
1054	2.263405085	6.36E-15
1055	2.263345242	6.27E-15
1056	2.263285637	6.18E-15
1057	2.263226032	6.1E-15
1058	2.263166666	6.01E-15
1059	2.2631073	5.92E-15
1060	2.263048172	5.83E-15
1061	2.262989044	5.75E-15
1062	2.262930155	5.66E-15
1063	2.262871265	5.57E-15
1064	2.262811184	5.5E-15
1065	2.262750387	5.43E-15
1066	2.262689829	5.36E-15
1067	2.262629271	5.28E-15
1068	2.262568951	5.21E-15
1069	2.262508631	5.14E-15
1070	2.262448549	5.07E-15
1071	2.262388468	5E-15
1072	2.262328625	4.93E-15
1073	2.262268782	4.86E-15
1074	2.262209177	4.79E-15
1075	2.262149334	4.72E-15
1076	2.262089968	4.65E-15
1077	2.262030602	4.59E-15
1078	2.261973381	4.52E-15
1079	2.261917591	4.47E-15
1080	2.261861801	4.41E-15
1081	2.26180625	4.35E-15
1082	2.261750937	4.3E-15
1083	2.261695385	4.24E-15
1084	2.26164031	4.18E-15
1085	2.261584997	4.13E-15
1086	2.261529922	4.07E-15
1087	2.261474848	4.02E-15
1088	2.261420012	3.96E-15
1089	2.261365175	3.9E-15
1090	2.261310577	3.85E-15
1091	2.26125598	3.79E-15
1092	2.261200905	3.74E-15
1093	2.261144638	3.69E-15
1094	2.261088371	3.65E-15
1095	2.261032104	3.6E-15
1096	2.260976076	3.56E-15
1097	2.260920286	3.51E-15
1098	2.260864496	3.47E-15
1099	2.260808706	3.42E-15
1100	2.260752916	3.38E-15
1101	2.260697365	3.33E-15
1102	2.260642052	3.29E-15
1103	2.260586739	3.24E-15
1104	2.260531425	3.2E-15
1105	2.260476351	3.15E-15
1106	2.260421276	3.11E-15
1107	2.260368824	3.07E-15
1108	2.260318518	3.03E-15
1109	2.26026845	2.99E-15
1110	2.26021862	2.96E-15
1111	2.260168552	2.92E-15
1112	2.260118723	2.89E-15
1113	2.260069132	2.85E-15
1114	2.260019541	2.81E-15
1115	2.25996995	2.78E-15
1116	2.259920597	2.74E-15
1117	2.259871244	2.7E-15
1118	2.259821892	2.67E-15
1119	2.259772778	2.63E-15
1120	2.259723663	2.6E-15
1121	2.259674549	2.56E-15
1122	2.259624958	2.53E-15
1123	2.259573936	2.5E-15
1124	2.259523153	2.47E-15
1125	2.259472609	2.44E-15
1126	2.259422064	2.41E-15
1127	2.259371519	2.38E-15
1128	2.259320974	2.35E-15
1129	2.259270668	2.32E-15
1130	2.2592206	2.3E-15
1131	2.259170294	2.27E-15
1132	2.259120226	2.24E-15
1133	2.259070158	2.21E-15
1134	2.259020329	2.18E-15
1135	2.258970499	2.15E-15
1136	2.258920908	2.12E-15
1137	2.258871078	2.09E-15
1138	2.258823633	2.07E-15
1139	2.258776426	2.05E-15
1140	2.258729458	2.02E-15
1141	2.258682489	2E-15
1142	2.258635759	1.98E-15
1143	2.258589029	1.95E-15
1144	2.258542061	1.93E-15
1145	2.258495569	1.91E-15
1146	2.258449078	1.88E-15
1147	2.258402586	1.86E-15
1148	2.258356333	1.84E-15
1149	2.25831008	1.81E-15
1150	2.258263826	1.79E-15
1151	2.258217573	1.77E-15
1152	2.258171558	1.75E-15
1153	2.258125782	1.72E-15
1154	2.258078337	1.7E-15
1155	2.258030653	1.68E-15
1156	2.257982731	1.67E-15
1157	2.257935286	1.65E-15
1158	2.25788784	1.63E-15
1159	2.257840395	1.61E-15
1160	2.257793188	1.59E-15
1161	2.257745743	1.57E-15
1162	2.257698536	1.55E-15
1163	2.257651567	1.54E-15
1164	2.257604361	1.52E-15
1165	2.257557631	1.5E-15
1166	2.257510662	1.48E-15
1167	2.257463932	1.46E-15
1168	2.257417202	1.44E-15
1169	2.257370472	1.43E-15
1170	2.257325172	1.41E-15
1171	2.257282972	1.39E-15
1172	2.257240772	1.38E-15
1173	2.257198572	1.36E-15
1174	2.25715661	1.35E-15
1175	2.257114649	1.33E-15
1176	2.257072926	1.32E-15
1177	2.257030964	1.3E-15
1178	2.256989241	1.29E-15
1179	2.256947517	1.27E-15
1180	2.256906033	1.26E-15
1181	2.256864548	1.24E-15
1182	2.256823063	1.23E-15
1183	2.256781578	1.22E-15
1184	2.256740332	1.2E-15
1185	2.256699085	1.19E-15
1186	2.256657839	1.17E-15
1187	2.256616116	1.16E-15
1188	2.256573439	1.15E-15
1189	2.256530762	1.13E-15
1190	2.256488085	1.12E-15
1191	2.256445646	1.11E-15
1192	2.256403208	1.1E-15
1193	2.256360769	1.09E-15
1194	2.256318331	1.07E-15
1195	2.256276131	1.06E-15
1196	2.256233931	1.05E-15
1197	2.256191969	1.04E-15
1198	2.256150007	1.03E-15
1199	2.256108046	1.02E-15
1200	2.256066084	1E-15
1201	2.256024361	9.92E-16
1202	2.255982399	9.8E-16
1203	2.255940676	9.68E-16
1204	2.255899191	9.57E-16
1205	2.25586009	9.47E-16
1206	2.255821228	9.37E-16
1207	2.255782604	9.28E-16
1208	2.25574398	9.18E-16
1209	2.255705357	9.09E-16
1210	2.255666971	8.99E-16
1211	2.255628347	8.9E-16
1212	2.255589962	8.8E-16
1213	2.255551577	8.71E-16
1214	2.25551343	8.61E-16
1215	2.255475283	8.52E-16
1216	2.255437136	8.43E-16
1217	2.255399227	8.33E-16
1218	2.25536108	8.24E-16
1219	2.255323172	8.14E-16
1220	2.255285263	8.05E-16
1221	2.255247355	7.96E-16
1222	2.255209684	7.86E-16
1223	2.255170584	7.79E-16
1224	2.255131483	7.71E-16
1225	2.255092144	7.63E-16
1226	2.255053043	7.56E-16
1227	2.255013943	7.48E-16
1228	2.25497508	7.41E-16
1229	2.254936218	7.33E-16
1230	2.254897356	7.25E-16
1231	2.254858494	7.18E-16
1232	2.25481987	7.1E-16
1233	2.254781008	7.03E-16
1234	2.254742384	6.95E-16
1235	2.254703999	6.88E-16
1236	2.254665613	6.8E-16
1237	2.254626989	6.73E-16
1238	2.254588842	6.65E-16
1239	2.254550457	6.58E-16
1240	2.254512072	6.5E-16
1241	2.254475594	6.44E-16
1242	2.254441977	6.37E-16
1243	2.254408121	6.31E-16
1244	2.254374504	6.25E-16
1245	2.254340887	6.19E-16
1246	2.254307508	6.13E-16
1247	2.25427413	6.07E-16
1248	2.254240513	6.01E-16
1249	2.254207134	5.95E-16
1250	2.254173756	5.89E-16
1251	2.254140615	5.83E-16
1252	2.254107237	5.77E-16
1253	2.254074097	5.71E-16
1254	2.254040956	5.65E-16
1255	2.254008055	5.59E-16
1256	2.253974915	5.53E-16
1257	2.253942013	5.47E-16
1258	2.253909111	5.41E-16
1259	2.253876209	5.35E-16
1260	2.253842831	5.3E-16
1261	2.253808498	5.25E-16
1262	2.253774405	5.2E-16
1263	2.253740072	5.15E-16
1264	2.253705978	5.1E-16
1265	2.253671646	5.05E-16
1266	2.253637552	5E-16
1267	2.253603697	4.96E-16
1268	2.253569841	4.91E-16
1269	2.253535748	4.86E-16
1270	2.253501892	4.81E-16
1271	2.253468275	4.76E-16
1272	2.25343442	4.72E-16
1273	2.253400564	4.67E-16
1274	2.253366947	4.62E-16
1275	2.25333333	4.57E-16
1276	2.253299952	4.53E-16
1277	2.253266335	4.48E-16
1278	2.253232956	4.43E-16
1279	2.253199577	4.38E-16
1280	2.253166199	4.34E-16
1281	2.253132582	4.3E-16
1282	2.253098965	4.26E-16
1283	2.253065586	4.23E-16
1284	2.253032207	4.19E-16
1285	2.252998829	4.15E-16
1286	2.252965689	4.11E-16
1287	2.252932549	4.07E-16
1288	2.25289917	4.03E-16
1289	2.25286603	4E-16
1290	2.252833128	3.96E-16
1291	2.252799988	3.92E-16
1292	2.252767086	3.88E-16
1293	2.252734184	3.84E-16
1294	2.252701283	3.8E-16
1295	2.252668381	3.77E-16
1296	2.252635717	3.73E-16
1297	2.252602816	3.69E-16
1298	2.252570391	3.65E-16
1299	2.252537727	3.62E-16
1300	2.252504587	3.58E-16
1301	2.252470493	3.55E-16
1302	2.252436638	3.52E-16
1303	2.252402544	3.49E-16
1304	2.252368689	3.46E-16
1305	2.252335072	3.43E-16
1306	2.252301216	3.4E-16
1307	2.252267361	3.36E-16
1308	2.252233744	3.33E-16
1309	2.252200127	3.3E-16
1310	2.252166748	3.27E-16
1311	2.252133131	3.24E-16
1312	2.252099752	3.21E-16
1313	2.252066374	3.18E-16
1314	2.252032757	3.15E-16
1315	2.251999617	3.12E-16
1316	2.251966476	3.09E-16
1317	2.251933098	3.06E-16
1318	2.251899958	3.03E-16
1319	2.251866817	3E-16
1320	2.251833916	2.97E-16
1321	2.251802206	2.94E-16
1322	2.251773119	2.92E-16
1323	2.251743793	2.89E-16
1324	2.251714945	2.87E-16
1325	2.251685858	2.84E-16
1326	2.251656771	2.82E-16
1327	2.251627922	2.8E-16
1328	2.251599073	2.77E-16
1329	2.251570225	2.75E-16
1330	2.251541615	2.72E-16
1331	2.251512766	2.7E-16
1332	2.251484156	2.67E-16
1333	2.251455545	2.65E-16
1334	2.251426697	2.63E-16
1335	2.251398325	2.6E-16
1336	2.251369715	2.58E-16
1337	2.251341105	2.55E-16
1338	2.251312733	2.53E-16
1339	2.251284361	2.5E-16
1340	2.251255989	2.48E-16
1341	2.251227617	2.46E-16
1342	2.251199484	2.43E-16
1343	2.251170397	2.41E-16
1344	2.251140833	2.39E-16
1345	2.251111269	2.37E-16
1346	2.251081944	2.35E-16
1347	2.25105238	2.33E-16
1348	2.251023054	2.31E-16
1349	2.250993729	2.29E-16
1350	2.250964403	2.28E-16
1351	2.250935316	2.26E-16
1352	2.250906229	2.24E-16
1353	2.250876904	2.22E-16
1354	2.250847816	2.2E-16
1355	2.250818729	2.18E-16
1356	2.250789881	2.16E-16
1357	2.250760794	2.14E-16
1358	2.250731945	2.12E-16
1359	2.250703096	2.1E-16
1360	2.250674248	2.08E-16
1361	2.250645399	2.06E-16
1362	2.25061655	2.04E-16
1363	2.25058794	2.03E-16
1364	2.25055933	2.01E-16
1365	2.250531435	1.99E-16
1366	2.250504971	1.97E-16
1367	2.250478268	1.96E-16
1368	2.250452042	1.94E-16
1369	2.250425577	1.93E-16
1370	2.250399351	1.91E-16
1371	2.250372887	1.9E-16
1372	2.250346661	1.88E-16
1373	2.250320435	1.86E-16
1374	2.250294209	1.85E-16
1375	2.250267982	1.83E-16
1376	2.250241995	1.82E-16
1377	2.250215769	1.8E-16
1378	2.250189781	1.79E-16
1379	2.250163794	1.77E-16
1380	2.250137806	1.76E-16
1381	2.250111818	1.74E-16
1382	2.250086069	1.73E-16
1383	2.250060081	1.71E-16
1384	2.250034332	1.7E-16
1385	2.250008583	1.68E-16
1386	2.249982834	1.67E-16
1387	2.249957085	1.65E-16
1388	2.249931335	1.64E-16
1389	2.249904394	1.62E-16
1390	2.249877453	1.61E-16
1391	2.24985075	1.6E-16
1392	2.249823809	1.59E-16
1393	2.249797106	1.57E-16
1394	2.249770403	1.56E-16
1395	2.2497437	1.55E-16
1396	2.249717236	1.54E-16
1397	2.249690533	1.53E-16
1398	2.249664068	1.51E-16
1399	2.249637604	1.5E-16
1400	2.249611139	1.49E-16
1401	2.249584675	1.48E-16
1402	2.24955821	1.46E-16
1403	2.249531984	1.45E-16
1404	2.24950552	1.44E-16
1405	2.249479294	1.43E-16
1406	2.249453068	1.42E-16
1407	2.249426842	1.4E-16
1408	2.249400616	1.39E-16
1409	2.249374628	1.38E-16
1410	2.249348402	1.37E-16
1411	2.249322414	1.36E-16
1412	2.249297142	1.34E-16
1413	2.249274015	1.33E-16
1414	2.249250889	1.32E-16
1415	2.249227762	1.31E-16
1416	2.249204636	1.3E-16
1417	2.249181747	1.3E-16
1418	2.249158621	1.29E-16
1419	2.249135733	1.28E-16
1420	2.249112844	1.27E-16
1421	2.249089956	1.26E-16
1422	2.249067068	1.25E-16
1423	2.249044418	1.24E-16
1424	2.24902153	1.23E-16
1425	2.248998642	1.22E-16
1426	2.248975992	1.21E-16
1427	2.248953342	1.2E-16
1428	2.248930693	1.19E-16
1429	2.248908043	1.18E-16
1430	2.248885393	1.17E-16
1431	2.248862743	1.16E-16
1432	2.248840332	1.15E-16
1433	2.248817682	1.14E-16
1434	2.248795271	1.13E-16
1435	2.24877286	1.12E-16
1436	2.248750448	1.11E-16
1437	2.248727322	1.1E-16
1438	2.248703718	1.1E-16
1439	2.248680115	1.09E-16
1440	2.248656511	1.08E-16
1441	2.248633146	1.07E-16
1442	2.248609543	1.06E-16
1443	2.248586178	1.06E-16
1444	2.248562574	1.05E-16
1445	2.248539448	1.04E-16
1446	2.248516083	1.03E-16
1447	2.248492718	1.03E-16
1448	2.248469353	1.02E-16
1449	2.248445988	1.01E-16
1450	2.248422861	1E-16
1451	2.248399496	9.95E-17
1452	2.248376369	9.87E-17
1453	2.248353243	9.79E-17
1454	2.248330355	9.72E-17
1455	2.248307228	9.64E-17
1456	2.248284101	9.56E-17
1457	2.248261213	9.49E-17
1458	2.248238087	9.41E-17
1459	2.248215199	9.34E-17
1460	2.24819231	9.26E-17
1461	2.248169422	9.18E-17
1462	2.248146534	9.11E-17
1463	2.248124838	9.04E-17
1464	2.24810338	8.98E-17
1465	2.248082161	8.92E-17
1466	2.248060703	8.86E-17
1467	2.248039246	8.8E-17
1468	2.248018026	8.73E-17
1469	2.247996807	8.67E-17
1470	2.247975588	8.61E-17
1471	2.247954369	8.55E-17
1472	2.247933149	8.49E-17
1473	2.24791193	8.43E-17
1474	2.247890949	8.37E-17
1475	2.24786973	8.31E-17
1476	2.247848749	8.24E-17
1477	2.24782753	8.18E-17
1478	2.247806549	8.12E-17
1479	2.247785568	8.06E-17
1480	2.247764826	8E-17
1481	2.247743845	7.94E-17
1482	2.247722864	7.88E-17
1483	2.247701883	7.82E-17
1484	2.247681141	7.76E-17
1485	2.247660398	7.7E-17
1486	2.247639656	7.64E-17
1487	2.247618675	7.58E-17
1488	2.247597933	7.52E-17
1489	2.247576952	7.46E-17
1490	2.247555256	7.41E-17
1491	2.247533321	7.36E-17
1492	2.247511625	7.31E-17
1493	2.247489691	7.27E-17
1494	2.247467995	7.22E-17
1495	2.247446299	7.17E-17
1496	2.247424603	7.12E-17
1497	2.247402906	7.07E-17
1498	2.24738121	7.02E-17
1499	2.247359753	6.97E-17
1500	2.247338057	6.92E-17
