300	1.492522717	6.23E-19
301	1.492243767	5.81E-19
302	1.491972923	5.43E-19
303	1.491684437	5.07E-19
304	1.491421103	4.74E-19
305	1.491155505	4.43E-19
306	1.490893126	4.14E-19
307	1.490635991	3.87E-19
308	1.490372181	3.62E-19
309	1.490136743	3.39E-19
310	1.489880443	3.18E-19
311	1.489638448	2.98E-19
312	1.489385366	2.79E-19
313	1.489142299	2.62E-19
314	1.488911748	2.46E-19
315	1.488669634	2.3E-19
316	1.488448858	2.16E-19
317	1.488211989	2.03E-19
318	1.488001704	1.91E-19
319	1.487800002	1.8E-19
320	1.487582445	1.69E-19
321	1.487342238	1.59E-19
322	1.487086535	1.49E-19
323	1.486857653	1.41E-19
324	1.486638665	1.33E-19
325	1.486410141	1.25E-19
326	1.486201406	1.18E-19
327	1.48597908	1.11E-19
328	1.485768318	1.05E-19
329	1.485570669	9.87E-20
330	1.485357761	9.32E-20
331	1.485157132	8.8E-20
332	1.484949946	8.31E-20
333	1.484738588	7.85E-20
334	1.484551907	7.42E-20
335	1.484352231	7.02E-20
336	1.484157324	6.64E-20
337	1.483972192	6.28E-20
338	1.483771324	5.94E-20
339	1.483590364	5.63E-20
340	1.48341608	5.33E-20
341	1.483228922	5.05E-20
342	1.483046889	4.78E-20
343	1.482859612	4.53E-20
344	1.482662916	4.3E-20
345	1.482493877	4.08E-20
346	1.482318163	3.87E-20
347	1.482136011	3.67E-20
348	1.481969833	3.48E-20
349	1.481795192	3.31E-20
350	1.481616497	3.14E-20
351	1.481461644	2.99E-20
352	1.481297493	2.84E-20
353	1.481127739	2.7E-20
354	1.480969548	2.57E-20
355	1.480802894	2.44E-20
356	1.480629325	2.32E-20
357	1.48048079	2.21E-20
358	1.480326176	2.1E-20
359	1.480163693	2E-20
360	1.480015159	1.91E-20
361	1.479864717	1.82E-20
362	1.479704261	1.73E-20
363	1.479563117	1.65E-20
364	1.479429126	1.58E-20
365	1.479281545	1.5E-20
366	1.47913444	1.43E-20
367	1.478987813	1.37E-20
368	1.478829145	1.31E-20
369	1.478672981	1.25E-20
370	1.478538752	1.19E-20
371	1.478397846	1.14E-20
372	1.478250384	1.09E-20
373	1.478115082	1.04E-20
374	1.477981329	9.93E-21
375	1.477835655	9.5E-21
376	1.477699399	9.08E-21
377	1.477576733	8.69E-21
378	1.47744453	8.31E-21
379	1.477308273	7.95E-21
380	1.477181554	7.62E-21
381	1.477053761	7.29E-21
382	1.476914287	6.99E-21
383	1.476783395	6.69E-21
384	1.476666093	6.41E-21
385	1.4765414	6.14E-21
386	1.4764117	5.89E-21
387	1.476292253	5.65E-21
388	1.476176262	5.41E-21
389	1.476048589	5.19E-21
390	1.475922585	4.98E-21
391	1.475816607	4.78E-21
392	1.475708008	4.59E-21
393	1.475589395	4.41E-21
394	1.475472689	4.23E-21
395	1.475358963	4.06E-21
396	1.475239873	3.9E-21
397	1.475114107	3.75E-21
398	1.474999666	3.6E-21
399	1.474895239	3.46E-21
400	1.474784255	3.33E-21
401	1.474668622	3.2E-21
402	1.474560738	3.08E-21
403	1.474457622	2.96E-21
404	1.474347115	2.85E-21
405	1.474232793	2.74E-21
406	1.474131107	2.64E-21
407	1.474036217	2.54E-21
408	1.473933578	2.44E-21
409	1.473827004	2.35E-21
410	1.473725677	2.27E-21
411	1.473628283	2.18E-21
412	1.473524451	2.1E-21
413	1.473415375	2.03E-21
414	1.473315001	1.95E-21
415	1.47322464	1.88E-21
416	1.473130584	1.82E-21
417	1.473029613	1.75E-21
418	1.472931981	1.69E-21
419	1.472842813	1.63E-21
420	1.472753048	1.57E-21
421	1.472653627	1.52E-21
422	1.472554445	1.46E-21
423	1.47247529	1.41E-21
424	1.472397804	1.36E-21
425	1.472311735	1.32E-21
426	1.472223282	1.27E-21
427	1.472132802	1.23E-21
428	1.472041011	1.19E-21
429	1.47194612	1.15E-21
430	1.471843719	1.11E-21
431	1.471742868	1.07E-21
432	1.471661091	1.04E-21
433	1.471579671	1E-21
434	1.471490502	9.69E-22
435	1.471399307	9.37E-22
436	1.471313357	9.06E-22
437	1.47123301	8.77E-22
438	1.47115159	8.48E-22
439	1.471061826	8.21E-22
440	1.470972419	7.95E-22
441	1.470895529	7.69E-22
442	1.470822215	7.45E-22
443	1.470745087	7.21E-22
444	1.470661759	6.99E-22
445	1.470578909	6.76E-22
446	1.470503211	6.56E-22
447	1.47042799	6.35E-22
448	1.470347047	6.15E-22
449	1.470261812	5.96E-22
450	1.470178604	5.78E-22
451	1.470108867	5.6E-22
452	1.470039487	5.43E-22
453	1.469964385	5.27E-22
454	1.469886065	5.11E-22
455	1.469808936	4.95E-22
456	1.469740033	4.81E-22
457	1.469671369	4.66E-22
458	1.469597697	4.52E-22
459	1.46952033	4.39E-22
460	1.469443202	4.26E-22
461	1.469381452	4.14E-22
462	1.469320059	4.01E-22
463	1.469254971	3.9E-22
464	1.469184518	3.79E-22
465	1.469114304	3.67E-22
466	1.469046354	3.57E-22
467	1.468979239	3.47E-22
468	1.46891129	3.37E-22
469	1.468835354	3.27E-22
470	1.468759775	3.18E-22
471	1.468690515	3.09E-22
472	1.468629837	3.01E-22
473	1.468569517	2.92E-22
474	1.468503118	2.84E-22
475	1.468434453	2.76E-22
476	1.468366027	2.68E-22
477	1.468305588	2.61E-22
478	1.468245864	2.54E-22
479	1.468184948	2.47E-22
480	1.468116999	2.4E-22
481	1.468049288	2.34E-22
482	1.467986465	2.28E-22
483	1.467932224	2.22E-22
484	1.467878103	2.16E-22
485	1.467819691	2.1E-22
486	1.467757106	2.04E-22
487	1.467694759	1.99E-22
488	1.467636228	1.94E-22
489	1.46758008	1.89E-22
490	1.467524171	1.84E-22
491	1.467462301	1.79E-22
492	1.467398047	1.74E-22
493	1.467334151	1.7E-22
494	1.467279553	1.66E-22
495	1.467228293	1.61E-22
496	1.467177272	1.57E-22
497	1.46712029	1.53E-22
498	1.467061758	1.49E-22
499	1.467003345	1.46E-22
500	1.466950536	1.42E-22
501	1.466899991	1.38E-22
502	1.466849566	1.35E-22
503	1.466794252	1.32E-22
504	1.466736674	1.28E-22
505	1.466679215	1.25E-22
506	1.466629386	1.22E-22
507	1.466585636	1.19E-22
508	1.466542006	1.16E-22
509	1.466495037	1.13E-22
510	1.466443777	1.11E-22
511	1.466392756	1.08E-22
512	1.466341734	1.05E-22
513	1.466290593	1.03E-22
514	1.466239691	1.01E-22
515	1.466188788	9.81E-23
516	1.466130614	9.59E-23
517	1.466072679	9.36E-23
518	1.466014862	9.14E-23
519	1.465967059	8.93E-23
520	1.465922236	8.72E-23
521	1.465877533	8.52E-23
522	1.465829611	8.32E-23
523	1.465777993	8.13E-23
524	1.465726733	7.95E-23
525	1.465676308	7.76E-23
526	1.465632081	7.59E-23
527	1.465587974	7.42E-23
528	1.465544105	7.25E-23
529	1.46549511	7.09E-23
530	1.465444565	6.93E-23
531	1.465394258	6.78E-23
532	1.46534729	6.62E-23
533	1.465307832	6.48E-23
534	1.465268373	6.34E-23
535	1.465229154	6.2E-23
536	1.465183854	6.06E-23
537	1.465137482	5.93E-23
538	1.465091467	5.8E-23
539	1.465047002	5.67E-23
540	1.465005755	5.55E-23
541	1.464964747	5.44E-23
542	1.464923859	5.32E-23
543	1.464877725	5.2E-23
544	1.464830041	5.1E-23
545	1.464782476	4.99E-23
546	1.464736462	4.88E-23
547	1.464699268	4.78E-23
548	1.464662075	4.68E-23
549	1.46462512	4.58E-23
550	1.464585185	4.48E-23
551	1.464541912	4.39E-23
552	1.464498758	4.3E-23
553	1.464455843	4.21E-23
554	1.464417458	4.13E-23
555	1.464380741	4.04E-23
556	1.464344263	3.96E-23
557	1.464307785	3.88E-23
558	1.464265227	3.8E-23
559	1.464222789	3.73E-23
560	1.46418047	3.65E-23
561	1.464140058	3.58E-23
562	1.46410799	3.51E-23
563	1.464076161	3.44E-23
564	1.464044333	3.37E-23
565	1.464010596	3.3E-23
566	1.463972569	3.24E-23
567	1.46393466	3.17E-23
568	1.46389699	3.11E-23
569	1.463860035	3.05E-23
570	1.463824153	2.99E-23
571	1.463788629	2.94E-23
572	1.463753104	2.88E-23
573	1.463715076	2.82E-23
574	1.463673472	2.77E-23
575	1.463631988	2.72E-23
576	1.463590741	2.66E-23
577	1.46355319	2.61E-23
578	1.463521719	2.57E-23
579	1.463490367	2.52E-23
580	1.463459015	2.47E-23
581	1.463426232	2.42E-23
582	1.463389277	2.38E-23
583	1.463352561	2.33E-23
584	1.463315964	2.29E-23
585	1.463280201	2.25E-23
586	1.463249087	2.21E-23
587	1.463218093	2.17E-23
588	1.463187218	2.13E-23
589	1.463156343	2.09E-23
590	1.463120461	2.05E-23
591	1.463084221	2.01E-23
592	1.4630481	1.98E-23
593	1.463012218	1.94E-23
594	1.462981939	1.91E-23
595	1.46295464	1.87E-23
596	1.462927341	1.84E-23
597	1.462900043	1.81E-23
598	1.462871075	1.78E-23
599	1.462838173	1.74E-23
600	1.46280551	1.71E-23
601	1.462772846	1.68E-23
602	1.462740302	1.65E-23
603	1.462711453	1.63E-23
604	1.462682724	1.6E-23
605	1.462654233	1.57E-23
606	1.462625742	1.54E-23
607	1.462594748	1.52E-23
608	1.462560773	1.49E-23
609	1.462527037	1.47E-23
610	1.46249342	1.44E-23
611	1.462459803	1.42E-23
612	1.462433934	1.39E-23
613	1.462408543	1.37E-23
614	1.462383151	1.35E-23
615	1.462357998	1.32E-23
616	1.462330937	1.3E-23
617	1.462300777	1.28E-23
618	1.462270737	1.26E-23
619	1.462240815	1.24E-23
620	1.462210894	1.22E-23
621	1.462184548	1.2E-23
622	1.462159634	1.18E-23
623	1.462134957	1.16E-23
624	1.462110281	1.14E-23
625	1.462085605	1.12E-23
626	1.462056398	1.1E-23
627	1.462027192	1.09E-23
628	1.461997867	1.07E-23
629	1.46196878	1.05E-23
630	1.461941242	1.03E-23
631	1.461921692	1.02E-23
632	1.461902261	1E-23
633	1.461882949	9.86E-24
634	1.461863637	9.7E-24
635	1.461843014	9.55E-24
636	1.461818695	9.4E-24
637	1.461794376	9.26E-24
638	1.461770296	9.11E-24
639	1.461746216	8.97E-24
640	1.461721063	8.83E-24
641	1.461693764	8.7E-24
642	1.461666346	8.56E-24
643	1.461639166	8.43E-24
644	1.461611986	8.3E-24
645	1.461583614	8.17E-24
646	1.461551785	8.05E-24
647	1.461520076	7.93E-24
648	1.461488485	7.81E-24
649	1.461456895	7.69E-24
650	1.461426854	7.57E-24
651	1.461404443	7.46E-24
652	1.461382151	7.36E-24
653	1.461359859	7.25E-24
654	1.461337686	7.14E-24
655	1.461315632	7.03E-24
656	1.461289167	6.93E-24
657	1.461262584	6.83E-24
658	1.461236238	6.73E-24
659	1.461209893	6.63E-24
660	1.461183548	6.53E-24
661	1.461160302	6.44E-24
662	1.461138606	6.34E-24
663	1.46111691	6.25E-24
664	1.461095333	6.16E-24
665	1.461073756	6.07E-24
666	1.461050868	5.99E-24
667	1.461025	5.9E-24
668	1.46099925	5.82E-24
669	1.46097362	5.74E-24
670	1.46094799	5.65E-24
671	1.46092236	5.57E-24
672	1.460902572	5.5E-24
673	1.460883856	5.42E-24
674	1.46086514	5.35E-24
675	1.460846543	5.27E-24
676	1.460827947	5.2E-24
677	1.46080792	5.12E-24
678	1.460784912	5.05E-24
679	1.460761905	4.99E-24
680	1.460739017	4.92E-24
681	1.460716009	4.85E-24
682	1.46069324	4.78E-24
683	1.460672498	4.72E-24
684	1.46065259	4.65E-24
685	1.460632801	4.59E-24
686	1.460613132	4.53E-24
687	1.460593462	4.47E-24
688	1.460573912	4.41E-24
689	1.460550308	4.35E-24
690	1.460526466	4.29E-24
691	1.460502625	4.23E-24
692	1.460479021	4.18E-24
693	1.460455418	4.12E-24
694	1.460432529	4.07E-24
695	1.460415125	4.01E-24
696	1.46039772	3.96E-24
697	1.460380316	3.91E-24
698	1.46036303	3.86E-24
699	1.460345745	3.81E-24
700	1.460327864	3.76E-24
701	1.460306883	3.71E-24
702	1.460285902	3.66E-24
703	1.460264921	3.62E-24
704	1.46024406	3.57E-24
705	1.460223198	3.52E-24
706	1.460202932	3.48E-24
707	1.460185766	3.43E-24
708	1.4601686	3.39E-24
709	1.460151553	3.35E-24
710	1.460134625	3.31E-24
711	1.460117579	3.26E-24
712	1.46010077	3.22E-24
713	1.460080028	3.18E-24
714	1.460059404	3.14E-24
715	1.460038781	3.11E-24
716	1.460018396	3.07E-24
717	1.459997892	3.03E-24
718	1.459977388	2.99E-24
719	1.459961653	2.95E-24
720	1.459947348	2.92E-24
721	1.459933162	2.88E-24
722	1.459918976	2.85E-24
723	1.45990479	2.81E-24
724	1.459890723	2.78E-24
725	1.459875107	2.74E-24
726	1.459857225	2.71E-24
727	1.459839463	2.68E-24
728	1.459821582	2.65E-24
729	1.459803939	2.62E-24
730	1.459786177	2.58E-24
731	1.459768534	2.55E-24
732	1.459751844	2.52E-24
733	1.459735274	2.49E-24
734	1.459718704	2.46E-24
735	1.459702253	2.43E-24
736	1.459685802	2.41E-24
737	1.459669352	2.38E-24
738	1.459651709	2.35E-24
739	1.459631681	2.32E-24
740	1.459611773	2.3E-24
741	1.459591866	2.27E-24
742	1.459571958	2.24E-24
743	1.459552169	2.22E-24
744	1.459532499	2.19E-24
745	1.459516406	2.17E-24
746	1.459502339	2.14E-24
747	1.459488392	2.12E-24
748	1.459474325	2.09E-24
749	1.459460378	2.07E-24
750	1.459446549	2.05E-24
751	1.459432721	2.02E-24
752	1.459416151	2E-24
753	1.459398866	1.98E-24
754	1.4593817	1.96E-24
755	1.459364533	1.93E-24
756	1.459347486	1.91E-24
757	1.459330559	1.89E-24
758	1.459313512	1.87E-24
759	1.459299207	1.85E-24
760	1.459285378	1.83E-24
761	1.459271669	1.81E-24
762	1.45925796	1.79E-24
763	1.459244132	1.77E-24
764	1.459230542	1.75E-24
765	1.459216952	1.73E-24
766	1.45920074	1.71E-24
767	1.459183931	1.69E-24
768	1.459167004	1.67E-24
769	1.459150195	1.66E-24
770	1.459133506	1.64E-24
771	1.459116817	1.62E-24
772	1.459100127	1.6E-24
773	1.459086299	1.59E-24
774	1.459074497	1.57E-24
775	1.459062934	1.55E-24
776	1.459051251	1.54E-24
777	1.459039569	1.52E-24
778	1.459028006	1.5E-24
779	1.459016442	1.49E-24
780	1.459004283	1.47E-24
781	1.458989382	1.46E-24
782	1.4589746	1.44E-24
783	1.458959699	1.43E-24
784	1.458944917	1.41E-24
785	1.458930254	1.4E-24
786	1.458915472	1.38E-24
787	1.458900809	1.37E-24
788	1.458887577	1.35E-24
789	1.458875179	1.34E-24
790	1.458862662	1.33E-24
791	1.458850265	1.31E-24
792	1.458837986	1.3E-24
793	1.458825588	1.29E-24
794	1.45881331	1.27E-24
795	1.458800793	1.26E-24
796	1.458785295	1.25E-24
797	1.458769798	1.24E-24
798	1.458754301	1.22E-24
799	1.458738804	1.21E-24
800	1.458723426	1.2E-24
801	1.458708048	1.19E-24
802	1.458692789	1.18E-24
803	1.458678603	1.16E-24
804	1.458667874	1.15E-24
805	1.458657146	1.14E-24
806	1.458646536	1.13E-24
807	1.458635807	1.12E-24
808	1.458625197	1.11E-24
809	1.458614707	1.1E-24
810	1.458604097	1.09E-24
811	1.458592653	1.08E-24
812	1.458579183	1.07E-24
813	1.458565712	1.06E-24
814	1.458552361	1.05E-24
815	1.45853889	1.04E-24
816	1.458525658	1.03E-24
817	1.458512306	1.02E-24
818	1.458499074	1.01E-24
819	1.458486319	9.95E-25
820	1.458475828	9.86E-25
821	1.458465338	9.77E-25
822	1.458454847	9.68E-25
823	1.458444476	9.59E-25
824	1.458434105	9.5E-25
825	1.458423734	9.41E-25
826	1.458413363	9.32E-25
827	1.458402991	9.23E-25
828	1.458390117	9.14E-25
829	1.458377004	9.06E-25
830	1.458363891	8.98E-25
831	1.458350897	8.9E-25
832	1.458337903	8.81E-25
833	1.458324909	8.73E-25
834	1.458312035	8.65E-25
835	1.45829916	8.57E-25
836	1.45828855	8.49E-25
837	1.458280444	8.41E-25
838	1.458272338	8.34E-25
839	1.458264232	8.26E-25
840	1.458256245	8.19E-25
841	1.458248138	8.11E-25
842	1.458240151	8.04E-25
843	1.458232164	7.97E-25
844	1.458224177	7.89E-25
845	1.458213806	7.82E-25
846	1.458202958	7.76E-25
847	1.458192229	7.69E-25
848	1.4581815	7.62E-25
849	1.458170891	7.55E-25
850	1.458160162	7.48E-25
851	1.458149552	7.42E-25
852	1.458138943	7.35E-25
853	1.458128333	7.28E-25
854	1.458117485	7.22E-25
855	1.458106875	7.16E-25
856	1.458096147	7.1E-25
857	1.458085537	7.04E-25
858	1.458074808	6.98E-25
859	1.458064198	6.91E-25
860	1.45805347	6.85E-25
861	1.458042979	6.79E-25
862	1.458032131	6.73E-25
863	1.458018899	6.68E-25
864	1.458005667	6.62E-25
865	1.457992554	6.57E-25
866	1.457979321	6.51E-25
867	1.457966208	6.45E-25
868	1.457953095	6.4E-25
869	1.457940102	6.34E-25
870	1.457926989	6.29E-25
871	1.457913995	6.23E-25
872	1.457905173	6.18E-25
873	1.457896471	6.13E-25
874	1.457887888	6.08E-25
875	1.457879305	6.03E-25
876	1.457870841	5.98E-25
877	1.457862258	5.93E-25
878	1.457853794	5.88E-25
879	1.45784533	5.83E-25
880	1.457836866	5.78E-25
881	1.457826972	5.73E-25
882	1.457816124	5.69E-25
883	1.457805157	5.64E-25
884	1.457794309	5.6E-25
885	1.45778358	5.55E-25
886	1.457772613	5.51E-25
887	1.457761884	5.46E-25
888	1.457751155	5.42E-25
889	1.457740426	5.37E-25
890	1.457729578	5.33E-25
891	1.457721233	5.28E-25
892	1.457712889	5.24E-25
893	1.457704544	5.2E-25
894	1.457696199	5.16E-25
895	1.457687855	5.12E-25
896	1.457679629	5.08E-25
897	1.457671285	5.04E-25
898	1.45766294	5E-25
899	1.457654834	4.95E-25
900	1.457646012	4.91E-25
901	1.457635283	4.88E-25
902	1.457624793	4.84E-25
903	1.457614183	4.8E-25
904	1.457603574	4.77E-25
905	1.457593083	4.73E-25
906	1.457582593	4.69E-25
907	1.457571983	4.65E-25
908	1.457561612	4.62E-25
909	1.457551241	4.58E-25
910	1.457541585	4.54E-25
911	1.457534671	4.51E-25
912	1.457527757	4.48E-25
913	1.457520962	4.44E-25
914	1.457514048	4.41E-25
915	1.457507133	4.37E-25
916	1.457500339	4.34E-25
917	1.457493663	4.31E-25
918	1.457486868	4.27E-25
919	1.457480073	4.24E-25
920	1.457473278	4.21E-25
921	1.457464099	4.18E-25
922	1.457455039	4.15E-25
923	1.45744586	4.12E-25
924	1.4574368	4.08E-25
925	1.457427621	4.05E-25
926	1.457418561	4.02E-25
927	1.457409501	3.99E-25
928	1.45740056	3.96E-25
929	1.4573915	3.93E-25
930	1.45738256	3.9E-25
931	1.457374334	3.87E-25
932	1.457366943	3.85E-25
933	1.457359433	3.82E-25
934	1.457352042	3.79E-25
935	1.457344651	3.76E-25
936	1.45733726	3.74E-25
937	1.457329869	3.71E-25
938	1.457322478	3.68E-25
939	1.457315087	3.65E-25
940	1.457307816	3.63E-25
941	1.457300425	3.6E-25
942	1.457291245	3.57E-25
943	1.45728159	3.55E-25
944	1.457272053	3.52E-25
945	1.457262397	3.5E-25
946	1.45725286	3.47E-25
947	1.457243323	3.45E-25
948	1.457233787	3.42E-25
949	1.457224369	3.4E-25
950	1.457214832	3.37E-25
951	1.457205296	3.35E-25
952	1.457195878	3.33E-25
953	1.457189441	3.3E-25
954	1.457183242	3.28E-25
955	1.457177043	3.26E-25
956	1.457170963	3.23E-25
957	1.457164764	3.21E-25
958	1.457158685	3.19E-25
959	1.457152486	3.17E-25
960	1.457146406	3.15E-25
961	1.457140207	3.12E-25
962	1.457134128	3.1E-25
963	1.457128167	3.08E-25
964	1.457120538	3.06E-25
965	1.457112432	3.04E-25
966	1.457104325	3.02E-25
967	1.457096219	3E-25
968	1.457088113	2.98E-25
969	1.457080007	2.96E-25
970	1.4570719	2.94E-25
971	1.457063913	2.92E-25
972	1.457055926	2.89E-25
973	1.45704782	2.87E-25
974	1.457039833	2.85E-25
975	1.457032323	2.83E-25
976	1.457026124	2.82E-25
977	1.457020164	2.8E-25
978	1.457013965	2.78E-25
979	1.457007885	2.76E-25
980	1.457001925	2.74E-25
981	1.456995845	2.72E-25
982	1.456989765	2.71E-25
983	1.456983805	2.69E-25
984	1.456977725	2.67E-25
985	1.456971765	2.65E-25
986	1.456965804	2.63E-25
987	1.456958771	2.62E-25
988	1.456950784	2.6E-25
989	1.456942916	2.58E-25
990	1.456935048	2.57E-25
991	1.456927061	2.55E-25
992	1.456919193	2.53E-25
993	1.456911325	2.52E-25
994	1.456903577	2.5E-25
995	1.456895709	2.48E-25
996	1.456887841	2.47E-25
997	1.456880093	2.45E-25
998	1.456872225	2.43E-25
999	1.456866026	2.42E-25
1000	1.456861258	2.4E-25
1001	1.456856608	2.39E-25
1002	1.456851959	2.37E-25
1003	1.456847429	2.36E-25
1004	1.45684278	2.34E-25
1005	1.456838131	2.33E-25
1006	1.456833482	2.31E-25
1007	1.456828952	2.3E-25
1008	1.456824303	2.28E-25
1009	1.456819773	2.27E-25
1010	1.456815124	2.25E-25
1011	1.456810355	2.24E-25
1012	1.456803799	2.23E-25
1013	1.456797361	2.21E-25
1014	1.456790805	2.2E-25
1015	1.456784248	2.19E-25
1016	1.456777811	2.17E-25
1017	1.456771374	2.16E-25
1018	1.456764936	2.15E-25
1019	1.456758499	2.13E-25
1020	1.456752062	2.12E-25
1021	1.456745625	2.11E-25
1022	1.456739306	2.09E-25
1023	1.456732869	2.08E-25
1024	1.456726789	2.07E-25
1025	1.456720829	2.05E-25
1026	1.456715107	2.04E-25
1027	1.456709146	2.03E-25
1028	1.456703424	2.02E-25
1029	1.456697583	2E-25
1030	1.456691861	1.99E-25
1031	1.45668602	1.98E-25
1032	1.456680179	1.97E-25
1033	1.456674457	1.96E-25
1034	1.456668735	1.94E-25
1035	1.456662893	1.93E-25
1036	1.456657171	1.92E-25
1037	1.456650496	1.91E-25
1038	1.456642985	1.9E-25
1039	1.456635356	1.89E-25
1040	1.456627846	1.88E-25
1041	1.456620336	1.86E-25
1042	1.456612825	1.85E-25
1043	1.456605196	1.84E-25
1044	1.456597805	1.83E-25
1045	1.456590414	1.82E-25
1046	1.456582904	1.81E-25
1047	1.456575513	1.8E-25
1048	1.456568003	1.79E-25
1049	1.456560612	1.78E-25
1050	1.456553936	1.77E-25
1051	1.456549287	1.76E-25
1052	1.456544638	1.75E-25
1053	1.456539989	1.74E-25
1054	1.456535459	1.73E-25
1055	1.456530809	1.72E-25
1056	1.456526279	1.71E-25
1057	1.456521749	1.7E-25
1058	1.45651722	1.69E-25
1059	1.45651257	1.68E-25
1060	1.45650816	1.67E-25
1061	1.45650351	1.66E-25
1062	1.456498981	1.65E-25
1063	1.45649457	1.64E-25
1064	1.456488967	1.63E-25
1065	1.456482768	1.62E-25
1066	1.456476569	1.61E-25
1067	1.45647049	1.6E-25
1068	1.456464291	1.59E-25
1069	1.456458211	1.59E-25
1070	1.456452131	1.58E-25
1071	1.456445932	1.57E-25
1072	1.456439972	1.56E-25
1073	1.456433773	1.55E-25
1074	1.456427693	1.54E-25
1075	1.456421614	1.53E-25
1076	1.456415653	1.52E-25
1077	1.456409693	1.51E-25
1078	1.456404567	1.51E-25
1079	1.456400037	1.5E-25
1080	1.456395507	1.49E-25
1081	1.456390977	1.48E-25
1082	1.456386447	1.47E-25
1083	1.456381917	1.47E-25
1084	1.456377506	1.46E-25
1085	1.456373096	1.45E-25
1086	1.456368685	1.44E-25
1087	1.456364155	1.43E-25
1088	1.456359744	1.43E-25
1089	1.456355333	1.42E-25
1090	1.456350923	1.41E-25
1091	1.456346393	1.4E-25
1092	1.456341505	1.39E-25
1093	1.456335545	1.39E-25
1094	1.456329465	1.38E-25
1095	1.456323504	1.37E-25
1096	1.456317544	1.37E-25
1097	1.456311584	1.36E-25
1098	1.456305623	1.35E-25
1099	1.456299663	1.34E-25
1100	1.456293702	1.34E-25
1101	1.456287861	1.33E-25
1102	1.4562819	1.32E-25
1103	1.45627594	1.32E-25
1104	1.456270099	1.31E-25
1105	1.456264138	1.3E-25
1106	1.456258297	1.29E-25
1107	1.456253648	1.29E-25
1108	1.456250191	1.28E-25
1109	1.456246614	1.27E-25
1110	1.456243277	1.27E-25
1111	1.4562397	1.26E-25
1112	1.456236243	1.25E-25
1113	1.456232786	1.25E-25
1114	1.456229329	1.24E-25
1115	1.456225872	1.24E-25
1116	1.456222415	1.23E-25
1117	1.456218958	1.22E-25
1118	1.456215501	1.22E-25
1119	1.456212163	1.21E-25
1120	1.456208706	1.2E-25
1121	1.456205368	1.2E-25
1122	1.456201315	1.19E-25
1123	1.456196308	1.18E-25
1124	1.456191301	1.18E-25
1125	1.456186295	1.17E-25
1126	1.456181288	1.17E-25
1127	1.456176281	1.16E-25
1128	1.456171393	1.16E-25
1129	1.456166387	1.15E-25
1130	1.45616138	1.14E-25
1131	1.456156492	1.14E-25
1132	1.456151485	1.13E-25
1133	1.456146598	1.13E-25
1134	1.456141591	1.12E-25
1135	1.456136703	1.12E-25
1136	1.456131816	1.11E-25
1137	1.456126928	1.1E-25
1138	1.456122756	1.1E-25
1139	1.456118941	1.09E-25
1140	1.456115127	1.09E-25
1141	1.456111193	1.08E-25
1142	1.456107378	1.08E-25
1143	1.456103444	1.07E-25
1144	1.456099629	1.07E-25
1145	1.456095815	1.06E-25
1146	1.456092	1.06E-25
1147	1.456088185	1.05E-25
1148	1.456084371	1.05E-25
1149	1.456080556	1.04E-25
1150	1.456076741	1.04E-25
1151	1.456072927	1.03E-25
1152	1.456069231	1.02E-25
1153	1.456065416	1.02E-25
1154	1.45606041	1.01E-25
1155	1.456055045	1.01E-25
1156	1.456049681	1.01E-25
1157	1.456044316	1E-25
1158	1.456039071	9.96E-26
1159	1.456033707	9.91E-26
1160	1.456028461	9.86E-26
1161	1.456023216	9.82E-26
1162	1.456017852	9.77E-26
1163	1.456012487	9.72E-26
1164	1.456007242	9.68E-26
1165	1.456001997	9.63E-26
1166	1.455996752	9.58E-26
1167	1.455991507	9.54E-26
1168	1.455986381	9.49E-26
1169	1.455981135	9.44E-26
1170	1.455976486	9.4E-26
1171	1.455973506	9.36E-26
1172	1.455970407	9.31E-26
1173	1.455967426	9.27E-26
1174	1.455964327	9.23E-26
1175	1.455961347	9.19E-26
1176	1.455958366	9.14E-26
1177	1.455955386	9.1E-26
1178	1.455952287	9.06E-26
1179	1.455949426	9.02E-26
1180	1.455946326	8.97E-26
1181	1.455943465	8.93E-26
1182	1.455940366	8.89E-26
1183	1.455937386	8.85E-26
1184	1.455934525	8.81E-26
1185	1.455931544	8.76E-26
1186	1.455928564	8.72E-26
1187	1.455925107	8.68E-26
1188	1.455920815	8.64E-26
1189	1.455916524	8.61E-26
1190	1.455912232	8.57E-26
1191	1.455907941	8.53E-26
1192	1.455903649	8.49E-26
1193	1.455899239	8.45E-26
1194	1.455895066	8.42E-26
1195	1.455890775	8.38E-26
1196	1.455886483	8.34E-26
1197	1.455882311	8.3E-26
1198	1.455878019	8.26E-26
1199	1.455873728	8.23E-26
1200	1.455869436	8.19E-26
1201	1.455865264	8.15E-26
1202	1.455861092	8.11E-26
1203	1.4558568	8.08E-26
1204	1.455852628	8.04E-26
1205	1.455849528	8E-26
1206	1.455846548	7.97E-26
1207	1.455843568	7.93E-26
1208	1.455840588	7.9E-26
1209	1.455837607	7.87E-26
1210	1.455834627	7.83E-26
1211	1.455831766	7.8E-26
1212	1.455828786	7.76E-26
1213	1.455825806	7.73E-26
1214	1.455822945	7.7E-26
1215	1.455820084	7.66E-26
1216	1.455817103	7.63E-26
1217	1.455814123	7.59E-26
1218	1.455811262	7.56E-26
1219	1.455808282	7.53E-26
1220	1.455805421	7.49E-26
1221	1.45580256	7.46E-26
1222	1.45579958	7.43E-26
1223	1.455795646	7.39E-26
1224	1.455791473	7.36E-26
1225	1.455787301	7.33E-26
1226	1.455783129	7.3E-26
1227	1.455779076	7.27E-26
1228	1.455775023	7.24E-26
1229	1.45577085	7.21E-26
1230	1.455766797	7.18E-26
1231	1.455762744	7.15E-26
1232	1.455758572	7.12E-26
1233	1.455754519	7.09E-26
1234	1.455750465	7.06E-26
1235	1.455746293	7.03E-26
1236	1.455742359	7E-26
1237	1.455738187	6.97E-26
1238	1.455734253	6.94E-26
1239	1.4557302	6.91E-26
1240	1.455726147	6.88E-26
1241	1.455723047	6.85E-26
1242	1.455721259	6.82E-26
1243	1.45571959	6.79E-26
1244	1.455717802	6.76E-26
1245	1.455716014	6.74E-26
1246	1.455714345	6.71E-26
1247	1.455712557	6.68E-26
1248	1.455710888	6.65E-26
1249	1.4557091	6.63E-26
1250	1.455707431	6.6E-26
1251	1.455705762	6.57E-26
1252	1.455703974	6.54E-26
1253	1.455702305	6.52E-26
1254	1.455700517	6.49E-26
1255	1.455698848	6.46E-26
1256	1.455697179	6.44E-26
1257	1.45569551	6.41E-26
1258	1.455693722	6.38E-26
1259	1.455692053	6.35E-26
1260	1.455690026	6.33E-26
1261	1.455687046	6.3E-26
1262	1.455684066	6.28E-26
1263	1.455681086	6.25E-26
1264	1.455678105	6.23E-26
1265	1.455675125	6.2E-26
1266	1.455672264	6.18E-26
1267	1.455669284	6.15E-26
1268	1.455666304	6.13E-26
1269	1.455663323	6.11E-26
1270	1.455660462	6.08E-26
1271	1.455657601	6.06E-26
1272	1.455654621	6.03E-26
1273	1.45565176	6.01E-26
1274	1.45564878	5.98E-26
1275	1.455645919	5.96E-26
1276	1.455642939	5.93E-26
1277	1.455640078	5.91E-26
1278	1.455637217	5.89E-26
1279	1.455634356	5.86E-26
1280	1.455631137	5.84E-26
1281	1.455627799	5.82E-26
1282	1.455624461	5.79E-26
1283	1.455621123	5.77E-26
1284	1.455617785	5.75E-26
1285	1.455614448	5.73E-26
1286	1.45561111	5.71E-26
1287	1.455607772	5.68E-26
1288	1.455604434	5.66E-26
1289	1.455601096	5.64E-26
1290	1.455597878	5.62E-26
1291	1.45559454	5.6E-26
1292	1.455591202	5.57E-26
1293	1.455587983	5.55E-26
1294	1.455584645	5.53E-26
1295	1.455581427	5.51E-26
1296	1.455578089	5.49E-26
1297	1.45557487	5.47E-26
1298	1.455571532	5.44E-26
1299	1.455568314	5.42E-26
1300	1.455564737	5.4E-26
1301	1.455560207	5.38E-26
1302	1.455555797	5.36E-26
1303	1.455551386	5.34E-26
1304	1.455546856	5.32E-26
1305	1.455542445	5.3E-26
1306	1.455538034	5.28E-26
1307	1.455533624	5.26E-26
1308	1.455529332	5.24E-26
1309	1.455524921	5.22E-26
1310	1.455520511	5.2E-26
1311	1.4555161	5.18E-26
1312	1.455511689	5.16E-26
1313	1.455507398	5.14E-26
1314	1.455502987	5.12E-26
1315	1.455498695	5.11E-26
1316	1.455494285	5.09E-26
1317	1.455489993	5.07E-26
1318	1.455485702	5.05E-26
1319	1.455481291	5.03E-26
1320	1.455476999	5.01E-26
1321	1.455473423	4.99E-26
1322	1.455471039	4.97E-26
1323	1.455468774	4.95E-26
1324	1.455466509	4.94E-26
1325	1.455464244	4.92E-26
1326	1.455461979	4.9E-26
1327	1.455459714	4.88E-26
1328	1.455457449	4.86E-26
1329	1.455455065	4.85E-26
1330	1.455452919	4.83E-26
1331	1.455450654	4.81E-26
1332	1.45544827	4.79E-26
1333	1.455446124	4.78E-26
1334	1.45544374	4.76E-26
1335	1.455441594	4.74E-26
1336	1.455439329	4.72E-26
1337	1.455437064	4.71E-26
1338	1.455434918	4.69E-26
1339	1.455432653	4.67E-26
1340	1.455430388	4.65E-26
1341	1.455428123	4.64E-26
1342	1.455425978	4.62E-26
1343	1.455422997	4.6E-26
1344	1.45541966	4.59E-26
1345	1.455416441	4.57E-26
1346	1.455413222	4.56E-26
1347	1.455410004	4.54E-26
1348	1.455406666	4.52E-26
1349	1.455403447	4.51E-26
1350	1.455400229	4.49E-26
1351	1.455396891	4.48E-26
1352	1.455393791	4.46E-26
1353	1.455390453	4.44E-26
1354	1.455387235	4.43E-26
1355	1.455384135	4.41E-26
1356	1.455380797	4.4E-26
1357	1.455377579	4.38E-26
1358	1.455374479	4.37E-26
1359	1.455371261	4.35E-26
1360	1.455368042	4.34E-26
1361	1.455364823	4.32E-26
1362	1.455361605	4.3E-26
1363	1.455358505	4.29E-26
1364	1.455355287	4.27E-26
1365	1.455352426	4.26E-26
1366	1.45535028	4.24E-26
1367	1.455348015	4.23E-26
1368	1.455345869	4.22E-26
1369	1.455343723	4.2E-26
1370	1.455341458	4.19E-26
1371	1.455339313	4.17E-26
1372	1.455337167	4.16E-26
1373	1.455334902	4.14E-26
1374	1.455332756	4.13E-26
1375	1.45533061	4.12E-26
1376	1.455328345	4.1E-26
1377	1.4553262	4.09E-26
1378	1.455324054	4.07E-26
1379	1.455321908	4.06E-26
1380	1.455319762	4.05E-26
1381	1.455317616	4.03E-26
1382	1.455315471	4.02E-26
1383	1.455313325	4E-26
1384	1.455311179	3.99E-26
1385	1.455309033	3.98E-26
1386	1.455306888	3.96E-26
1387	1.455304742	3.95E-26
1388	1.455302477	3.94E-26
1389	1.455299258	3.92E-26
1390	1.455296159	3.91E-26
1391	1.455293059	3.9E-26
1392	1.455289841	3.88E-26
1393	1.455286741	3.87E-26
1394	1.455283761	3.86E-26
1395	1.455280662	3.85E-26
1396	1.455277562	3.83E-26
1397	1.455274463	3.82E-26
1398	1.455271363	3.81E-26
1399	1.455268264	3.8E-26
1400	1.455265164	3.78E-26
1401	1.455262065	3.77E-26
1402	1.455258965	3.76E-26
1403	1.455255985	3.75E-26
1404	1.455252886	3.73E-26
1405	1.455249786	3.72E-26
1406	1.455246806	3.71E-26
1407	1.455243826	3.7E-26
1408	1.455240726	3.68E-26
1409	1.455237746	3.67E-26
1410	1.455234647	3.66E-26
1411	1.455231667	3.65E-26
1412	1.455229044	3.63E-26
1413	1.455227494	3.62E-26
1414	1.455225945	3.61E-26
1415	1.455224395	3.6E-26
1416	1.455222845	3.59E-26
1417	1.455221295	3.58E-26
1418	1.455219746	3.57E-26
1419	1.455218077	3.55E-26
1420	1.455216527	3.54E-26
1421	1.455215096	3.53E-26
1422	1.455213547	3.52E-26
1423	1.455211997	3.51E-26
1424	1.455210567	3.5E-26
1425	1.455208898	3.49E-26
1426	1.455207348	3.48E-26
1427	1.455205917	3.46E-26
1428	1.455204368	3.45E-26
1429	1.455202818	3.44E-26
1430	1.455201387	3.43E-26
1431	1.455199838	3.42E-26
1432	1.455198288	3.41E-26
1433	1.455196738	3.4E-26
1434	1.455195308	3.39E-26
1435	1.455193758	3.38E-26
1436	1.455192208	3.37E-26
1437	1.455190182	3.35E-26
1438	1.455187798	3.34E-26
1439	1.455185175	3.33E-26
1440	1.455182791	3.32E-26
1441	1.455180168	3.31E-26
1442	1.455177784	3.3E-26
1443	1.455175281	3.29E-26
1444	1.455172777	3.28E-26
1445	1.455170274	3.27E-26
1446	1.45516789	3.26E-26
1447	1.455165267	3.25E-26
1448	1.455162883	3.24E-26
1449	1.455160379	3.23E-26
1450	1.455157876	3.22E-26
1451	1.455155492	3.21E-26
1452	1.455152988	3.2E-26
1453	1.455150604	3.19E-26
1454	1.455148101	3.18E-26
1455	1.455145597	3.17E-26
1456	1.455143213	3.16E-26
1457	1.455140829	3.15E-26
1458	1.455138326	3.14E-26
1459	1.455135942	3.13E-26
1460	1.455133438	3.12E-26
1461	1.455131054	3.11E-26
1462	1.455128551	3.1E-26
1463	1.455126762	3.1E-26
1464	1.455124855	3.09E-26
1465	1.455123067	3.08E-26
1466	1.455121279	3.07E-26
1467	1.455119491	3.06E-26
1468	1.455117702	3.05E-26
1469	1.455115914	3.04E-26
1470	1.455114126	3.03E-26
1471	1.455112338	3.02E-26
1472	1.455110431	3.01E-26
1473	1.455108762	3.01E-26
1474	1.455106974	3E-26
1475	1.455105186	2.99E-26
1476	1.455103397	2.98E-26
1477	1.455101609	2.97E-26
1478	1.455099821	2.96E-26
1479	1.455098033	2.95E-26
1480	1.455096364	2.94E-26
1481	1.455094457	2.93E-26
1482	1.455092788	2.93E-26
1483	1.455091	2.92E-26
1484	1.455089211	2.91E-26
1485	1.455087423	2.9E-26
1486	1.455085754	2.89E-26
1487	1.455083966	2.88E-26
1488	1.455082178	2.87E-26
1489	1.455080271	2.86E-26
1490	1.455077529	2.86E-26
1491	1.455074906	2.85E-26
1492	1.455072284	2.84E-26
1493	1.455069661	2.83E-26
1494	1.455066919	2.82E-26
1495	1.455064297	2.82E-26
1496	1.455061674	2.81E-26
1497	1.455059052	2.8E-26
1498	1.45505631	2.79E-26
1499	1.455053687	2.78E-26
1500	1.455051064	2.78E-26
